BBox -30 -20 30 20
DistOneStep 1
Display 2
PriorityType 1
Robots
40
0 -16.12 17.92 2 1 0 26.164 -9.59 1
0 25.358 -17.43 2 1 0 -25.234 16.66 1
0 27.528 17.5 2 1 0 -26.164 -17.22 1
0 28.024 0.42 2 1 0 -25.544 0.98 1
0 -4.836 18.48 2 1 0 -1.426 -17.85 1
0 27.528 10.29 2 1 0 -26.102 -8.47 1
0 14.508 17.92 2 1 0 -16.616 -18.41 1
0 16.306 -18.55 2 1 0 -24.862 8.82 1
0 6.262 18.34 2 1 0 -9.238 -17.71 1
0 8.556 -18.41 2 1 0 -10.726 17.36 1
0 -26.102 -3.85 2 1 0 25.978 -7.07 1
0 22.196 17.99 2 1 0 -27.528 12.53 1
0 3.596 -17.78 2 1 0 -26.784 -14.07 1
0 -5.208 -17.71 2 1 0 -25.11 3.64 1
0 27.404 13.86 2 1 0 0.186 -15.68 1
0 10.168 17.85 2 1 0 -28.086 -6.37 1
0 -27.9 17.92 2 1 0 -19.282 -18.48 1
0 -23.002 -18.06 2 1 0 -20.956 12.88 1
0 -27.776 4.2 2 1 0 -11.904 -17.92 1
0 27.9 5.46 2 1 0 -8.06 18.34 1
0 18.104 18.06 2 1 0 27.032 -4.34 1
0 -14.322 -17.22 2 1 0 -22.32 17.15 1
0 -13.02 18.2 2 1 0 -23.374 -14.42 1
0 12.462 15.89 2 1 0 -22.506 1.82 1
0 -28.086 -1.12 2 1 0 -2.232 -14.7 1
0 -19.592 17.71 2 1 0 -23.622 -7 1
0 12.338 -18.27 2 1 0 -17.67 -15.82 1
0 20.026 15.54 2 1 0 -23.87 12.81 1
0 -2.108 16.66 2 1 0 -10.54 -14.28 1
0 -20.646 -13.58 2 1 0 -8.866 16.24 1
0 -28.024 6.02 2 1 0 28.086 -7.49 1
0 27.28 3.57 2 1 0 -27.962 9.94 1
0 21.204 -17.43 2 1 0 -24.366 -12.04 1
0 26.598 -13.93 2 1 0 -22.816 4.27 1
0 -28.52 -10.85 2 1 0 0.682 -13.58 1
0 18.166 -16.66 2 1 0 -23.002 -4.41 1
0 24.118 15.4 2 1 0 -20.398 -15.54 1
0 24.862 11.76 2 1 0 -22.072 10.01 1
0 -19.53 14.91 2 1 0 -7.626 -14.56 1
0 23.188 -14 2 1 0 -6.448 16.66 1
Obstacles
1
0.372 18.55 1 
