BBox -30 -20 30 20
DistOneStep 1
Display 2
PriorityType 1
Robots
40
0 -16.12 17.92 2 1 0 26.164 -9.59 1
0 25.358 -17.43 2 1 0 26.722 7.49 1
0 27.528 17.5 2 1 0 -26.164 -17.22 1
0 28.024 0.42 2 1 0 -25.544 0.98 1
0 -4.836 18.48 2 1 0 -1.426 -17.85 1
0 27.528 10.29 2 1 0 -27.9 -6.86 1
0 14.508 17.92 2 1 0 -19.282 -18.55 1
0 16.306 -18.55 2 1 0 -27.838 12.74 1
0 6.262 18.34 2 1 0 -12.028 -18.41 1
0 8.556 -18.41 2 1 0 -7.936 18.41 1
0 -26.102 -3.85 2 1 0 25.544 -9.66 1
0 -25.916 15.61 2 1 0 27.218 7.98 1
0 3.596 -17.78 2 1 0 -26.35 -17.22 1
0 -5.208 -17.71 2 1 0 -25.482 0.84 1
0 27.404 13.86 2 1 0 -1.302 -17.64 1
0 10.168 17.85 2 1 0 -28.024 -6.72 1
0 -27.9 17.92 2 1 0 -19.282 -18.48 1
0 -23.002 -18.06 2 1 0 -27.776 12.32 1
0 -27.776 4.2 2 1 0 -11.904 -17.92 1
0 27.9 5.46 2 1 0 -8.06 18.34 1
0 18.104 18.06 2 1 0 26.102 -9.59 1
0 -14.322 -17.22 2 1 0 27.218 7.77 1
0 -13.02 18.2 2 1 0 -25.792 -17.5 1
0 12.462 15.89 2 1 0 -25.792 0.84 1
0 -28.086 -1.12 2 1 0 -1.24 -17.78 1
0 -19.592 17.71 2 1 0 -28.086 -6.65 1
0 12.338 -18.27 2 1 0 -19.096 -18.55 1
0 20.026 15.54 2 1 0 -28.334 12.74 1
0 -2.108 16.66 2 1 0 -11.842 -18.41 1
0 -20.646 -13.58 2 1 0 -8.06 18.41 1
0 -28.024 6.02 2 1 0 26.164 -9.38 1
0 27.28 3.57 2 1 0 27.094 7.14 1
0 21.204 -17.43 2 1 0 -26.412 -17.71 1
0 26.598 -13.93 2 1 0 -25.792 0.7 1
0 -28.52 -10.85 2 1 0 -1.364 -17.78 1
0 18.166 -16.66 2 1 0 -27.59 -6.58 1
0 24.118 15.4 2 1 0 -19.158 -18.69 1
0 24.862 11.76 2 1 0 -23.808 13.02 1
0 -19.53 14.91 2 1 0 -11.904 -17.99 1
0 23.188 -14 2 1 0 -8.06 18.41 1
Obstacles
108
-22.692 -2.31 1 
-20.956 -2.31 1 
-19.53 -2.31 1 
-17.918 -1.96 1 
-16.678 -2.1 1 
-15.128 -2.38 1 
-13.454 -2.38 1 
-12.214 -2.38 1 
-10.664 -2.38 1 
-8.928 -2.52 1 
-7.068 -2.59 1 
-7.13 -3.99 1 
-7.006 -6.16 1 
-7.006 -8.05 1 
-7.006 -9.73 1 
-6.82 -11.27 1 
-6.758 -13.23 1 
-6.758 -15.12 1 
1.55 -15.47 1 
1.55 -14.14 1 
1.55 -12.46 1 
1.55 -10.85 1 
1.612 -9.17 1 
1.488 -7.35 1 
1.426 -4.34 1 
1.426 -2.59 1 
3.286 -2.45 1 
4.402 -2.45 1 
5.766 -2.45 1 
7.378 -2.45 1 
9.362 -2.45 1 
11.284 -2.45 1 
13.268 -2.45 1 
14.818 -2.31 1 
17.918 -2.03 1 
16.368 -2.31 1 
19.716 -2.31 1 
22.568 -2.38 1 
24.056 -2.24 1 
23.312 5.67 1 
21.266 5.6 1 
17.918 5.25 1 
19.53 5.46 1 
16.182 5.25 1 
14.198 5.25 1 
12.4 5.18 1 
10.54 5.18 1 
8.37 5.04 1 
6.448 5.04 1 
4.65 5.04 1 
2.914 5.04 1 
1.612 5.04 1 
1.612 6.86 1 
1.55 8.82 1 
1.488 10.5 1 
1.55 12.46 1 
1.55 14.14 1 
-5.89 3.64 1 
-6.138 6.16 1 
-6.386 8.19 1 
-6.386 9.87 1 
-6.386 11.41 1 
-6.324 13.37 1 
-6.386 15.12 1 
-7.192 3.5 1 
-8.742 3.57 1 
-10.664 3.57 1 
-12.4 3.71 1 
-14.012 3.71 1 
-16.12 3.71 1 
-17.484 3.71 1 
-19.096 3.64 1 
-20.708 3.57 1 
-22.382 3.57 1 
-15.128 3.57 1 
-6.324 5.11 1 
1.302 15.68 1 
1.426 -5.81 1 
21.08 -2.66 1 
6.014 -19.32 1 
6.262 -17.57 1 
6.386 -15.61 1 
6.448 -13.65 1 
6.448 -11.9 1 
6.448 -9.94 1 
6.324 -8.19 1 
7.812 -7.77 1 
9.548 -7.77 1 
11.408 -7.7 1 
13.454 -7.56 1 
15.066 -7.49 1 
16.926 -7.49 1 
19.22 -7.63 1 
18.166 -7.7 1 
-10.602 18.9 1 
-10.788 17.57 1 
-10.788 16.03 1 
-10.664 14.42 1 
-10.788 12.39 1 
-11.036 10.78 1 
-11.16 9.52 1 
-13.454 9.31 1 
-14.88 9.17 1 
-16.864 9.1 1 
-18.104 8.89 1 
-19.406 8.75 1 
-20.832 8.75 1 
-22.134 8.75 1 
