BBox         -30 -20 30 20
DistOneStep   1.0
Display 2
PriorityType 2
Robots
2
0 -9.610000 1.750000 2.0 1.0 0.0 20 -15 1.0
0 -9.548000 8.400000 2.0 1.0 0.0 -9.548000 -6.230000 1.00000
Obstacles 
42
7.688000 -5.250000 1.000000
-6.138000 -10.080000 1.000000
-7.006000 -7.770000 1.000000
-12.400000 -0.210000 1.000000
-12.524000 2.030000 1.000000
7.874000 -8.120000 1.000000
7.316000 5.880000 1.000000
14.508000 9.030000 1.000000
15.066000 -3.570000 1.000000
14.818000 -1.610000 1.000000
-6.572000 2.170000 1.000000
7.316000 0.280000 1.000000
-12.400000 -2.590000 1.000000
-12.338000 -4.970000 1.000000
-12.276000 -7.280000 1.000000
-10.354000 -10.150000 1.000000
-6.510000 4.550000 1.000000
14.756000 0.490000 1.000000
8.184000 -10.570000 1.000000
14.694000 2.520000 1.000000
7.316000 8.190000 1.000000
-6.944000 -5.460000 1.000000
-12.400000 -9.800000 1.000000
14.508000 6.930000 1.000000
10.354000 -10.710000 1.000000
14.756000 -10.780000 1.000000
-12.338000 6.860000 1.000000
-12.400000 4.410000 1.000000
-6.572000 -0.420000 1.000000
-6.696000 6.930000 1.000000
14.756000 4.620000 1.000000
15.128000 -5.810000 1.000000
7.502000 -2.450000 1.000000
15.190000 -8.610000 1.000000
-8.308000 -10.290000 1.000000
-6.820000 -3.080000 1.000000
-21.824001 -6.300000 1.000000
12.462000 -10.850000 1.000000
7.316000 2.800000 1.000000
7.316000 2.800000 1.000000
7.316000 2.800000 1.000000
7.316000 2.800000 1.000000
